Data for the skew-holomorphic Jacobi modular form resulting from applying the map for the $m$-admissible pair (Delta_0,r_0)=(-3,1) to the modular symbol [X^14*Y^2,(0,0)] of weight 18 and level 1.  Data generated by the following Sage code:

ms1k18a = (ModularSymbols(1, 18).plus_submodule().new_submodule().cuspidal_subspace().atkin_lehner_operator()-1).kernel().gen(0)
jj=compute_jacobi(ms1k18a*5/448, -3, 1, 2000)

Weight: 18
Index: 1

Coefficients:
====================================
  Delta      r     c(Delta,r)
====================================
  -1999      1   -85122314640
  -1996      0   337365082824
  -1995      1   372079470900
  -1992      0  -652546409232
  -1991      1   199473580152
  -1988      0    19033696944
  -1987      1 946313412907/2
  -1984      0  -158813454336
  -1983      1    53225604264
  -1980      0   -19636848000
  -1979      1-609623510949/2
  -1976      0   -36900612216
  -1975      1   -77260212400
  -1972      0  -153667097832
  -1971      1  -122571040536
  -1968      0     1821953280
  -1967      1   215279342784
  -1964      0    86669269848
  -1963      1  -836301228009
  -1960      0    50623851460
  -1959      1   102428118360
  -1956      0   229794797544
  -1955      1    -3126532050
  -1952      0  -234101520576
  -1951      1   -23635860000
  -1948      0   450371490688
  -1947      1  -384484270764
  -1944      0   -81096455124
  -1943      1     6957804744
  -1940      0    11124147240
  -1939      1    13882149556
  -1936      0   284728935216
  -1935      1  -142077742200
  -1932      0   -57326178720
  -1931      1 314938994913/2
  -1928      0  -321055323624
  -1927      1   252551138256
  -1924      0    90329301920
  -1923      1  -309920905839
  -1920      0   -88893081600
  -1919      1   -45283686552
  -1916      0    58173502464
  -1915      1    25703596695
  -1912      0   256236879472
  -1911      1    30856401576
  -1908      0   108463751460
  -1907      11388496821337/2
  -1904      0  -148152176640
  -1903      1   -65087174152
  -1900      0    48738071800
  -1899      1  46030645683/2
  -1896      0   -77987375592
  -1895      1   -90696763800
  -1892      0  -247858166952
  -1891      1   164884545905
  -1888      0   127706040000
  -1887      1   -76341118272
  -1884      0  -390663831936
  -1883      1    67042275147
  -1880      0    92221666200
  -1879      1  -195662743128
  -1876      0  -205912961248
  -1875      1            N/A
  -1872      0   -56328098112
  -1871      1   -58534035696
  -1868      0  -182689053912
  -1867      1 647520618449/2
  -1864      0   149653980400
  -1863      1   113106490344
  -1860      0   301151254560
  -1859      1-332322729453/2
  -1856      0   121725914112
  -1855      1    57392970800
  -1852      0  -226597989632
  -1851      1  -182267359701
  -1848      0   335104555632
  -1847      1  -175366329624
  -1844      0    -9820635588
  -1843      1  -648873489129
  -1840      0    20730277120
  -1839      1    38553696840
  -1836      0   -62982819648
  -1835      1   -33015410415
  -1832      0    57825453420
  -1831      1   -62793485368
  -1828      0   -85419572720
  -1827      1   237383754030
  -1824      0   166054166784
  -1823      1   159132284064
  -1820      0   439120281600
  -1819      1    26770418033
  -1816      0   -54812947964
  -1815      1   -64711121640
  -1812      0    33752008728
  -1811      1  88228883259/2
  -1808      0  -234660374784
  -1807      1   209830681320
  -1804      0  -157649213040
  -1803      1   556706794452
  -1800      0  -124002272250
  -1799      1     9228639600
  -1796      0    12681310824
  -1795      1  -124501897100
  -1792      0   -99781967872
  -1791      1     5927723208
  -1788      0   -25102180992
  -1787      1-765812655477/2
  -1784      0  -166691280960
  -1783      1   197882186152
  -1780      0  -277407465200
  -1779      1  -323210436879
  -1776      0  -224400783360
  -1775      1   -60069871800
  -1772      0   346293050616
  -1771      1   232786588276
  -1768      0   123913784176
  -1767      1   -35758777296
  -1764      0    20472035661
  -1763      1   -27592539282
  -1760      0   -45888543360
  -1759      1    16976320416
  -1756      0   200628855168
  -1755      1   138581188200
  -1752      0   154768938096
  -1751      1   -30857872320
  -1748      0    -6763288536
  -1747      1-370613030287/2
  -1744      0    29429851968
  -1743      1  -249074692704
  -1740      0     9479284320
  -1739      1   131863309218
  -1736      0   149904094032
  -1735      1    11719401400
  -1732      0    30867749592
  -1731      1    42514873908
  -1728      0            N/A
  -1727      1   -73173587256
  -1724      0   101105028864
  -1723      1 201245908241/2
  -1720      0  -299663635800
  -1719      1    72185534640
  -1716      0    73217642784
  -1715      1   -43986400920
  -1712      0   -25601256576
  -1711      1    43146359384
  -1708      0  -175305670352
  -1707      1  -180060713967
  -1704      0   -71036140464
  -1703      1    77147376696
  -1700      0    61423716600
  -1699      1 369405785759/2
  -1696      0    17700205248
  -1695      1    90348475200
  -1692      0  -187326639360
  -1691      1   -70980653403
  -1688      0  -125741947572
  -1687      1  -135548763408
  -1684      0    24014538644
  -1683      1    80825842449
  -1680      0    62410233600
  -1679      1    11965406976
  -1676      0  -139301223336
  -1675      1 419026806475/2
  -1672      0   209370768112
  -1671      1   -57931911960
  -1668      0  -138318908328
  -1667      1  17483764185/2
  -1664      0    53160367104
  -1663      1   -89201873312
  -1660      0     8000970880
  -1659      1  -140797077708
  -1656      0   -12104623080
  -1655      1   105747388200
  -1652      0   147893478696
  -1651      1  -176464319564
  -1648      0   332433786880
  -1647      1   -13014140832
  -1644      0   163627064208
  -1643      1    19483557201
  -1640      0   -46997148960
  -1639      1    -2149478584
  -1636      0   -39315973984
  -1635      1    -3321023820
  -1632      0    44086027392
  -1631      1   -36829478016
  -1628      0  -264615297408
  -1627      1-321757745333/2
  -1624      0    39309582560
  -1623      1    36956631144
  -1620      0   -74412164700
  -1619      1 380043694611/2
  -1616      0   -98481189312
  -1615      1    98348085840
  -1612      0    69065544496
  -1611      1  43929179955/2
  -1608      0   -51345460128
  -1607      1    21162719736
  -1604      0   -79107565464
  -1603      1   -45918815433
  -1600      0  -209230355200
  -1599      1    53148914208
  -1596      0   -25013162496
  -1595      1  -119365032600
  -1592      0   -63936791784
  -1591      1   -57639869032
  -1588      0   165537243660
  -1587      1            N/A
  -1584      0     6733964160
  -1583      1    63218034144
  -1580      0    46818244800
  -1579      1 -30958063803/2
  -1576      0    40580296844
  -1575      1   -11571258600
  -1572      0   180127799640
  -1571      1 312717584781/2
  -1568      0    85448496672
  -1567      1   -22684097040
  -1564      0    62103474944
  -1563      1   -60860840553
  -1560      0   -69447524640
  -1559      1   -25179506712
  -1556      0    45160421292
  -1555      1   -83340991750
  -1552      0  -174006940800
  -1551      1   -37447951728
  -1548      0   -20442377736
  -1547      1  -115521091218
  -1544      0    93242217240
  -1543      1  -119845463992
  -1540      0   -43852907120
  -1539      1 -35140392243/2
  -1536      0    -6431293440
  -1535      1   -45571792680
  -1532      0    47322729216
  -1531      1 262678517759/2
  -1528      0    -9736375184
  -1527      1    80959459800
  -1524      0   -36867724248
  -1523      1 244888343595/2
  -1520      0    52445952000
  -1519      1    -8652261072
  -1516      0   -45605873208
  -1515      1   -49217015250
  -1512      0   -48504167712
  -1511      1   -46515227976
  -1508      0  -144579168864
  -1507      1   165902783354
  -1504      0  -108122023680
  -1503      1    23560285320
  -1500      0    96511968000
  -1499      1-131517064647/2
  -1496      0    93389100552
  -1495      1    76737746800
  -1492      0  -107910876268
  -1491      1     7389547182
  -1488      0   144843861888
  -1487      1    11544439680
  -1484      0   -52406206272
  -1483      1  31940940811/2
  -1480      0    73792444200
  -1479      1    47271253728
  -1476      0     1560118320
  -1475      1-399365210925/2
  -1472      0    63749062656
  -1471      1    -2102761808
  -1468      0    50548619520
  -1467      1 -32234748975/2
  -1464      0   -37472418648
  -1463      1   -32469055344
  -1460      0    46344600360
  -1459      1-192010327585/2
  -1456      0    -1228747520
  -1455      1     3217059600
  -1452      0            N/A
  -1451      1 -79924536135/2
  -1448      0    -3429971460
  -1447      1    50035177768
  -1444      0    18471062901
  -1443      1   -96323144268
  -1440      0    23972984640
  -1439      1    -3863994912
  -1436      0   -22227359616
  -1435      1   201294458810
  -1432      0   -76550844012
  -1431      1   -12854364768
  -1428      0  -105706706928
  -1427      1 275378684499/2
  -1424      0   -39047107968
  -1423      1   -28308570480
  -1420      0   101815407200
  -1419      1    36679353678
  -1416      0   -10454232480
  -1415      1     8093459880
  -1412      0    50851153440
  -1411      1   -46536244006
  -1408      0   -10574406656
  -1407      1    -4643359056
  -1404      0    11526907392
  -1403      1    98215842123
  -1400      0    57214258200
  -1399      1   -28284098184
  -1396      0    62971913500
  -1395      1   -51676967250
  -1392      0  -148620625920
  -1391      1   -16520297976
  -1388      0   -15682643208
  -1387      1   -94347619558
  -1384      0     7750950668
  -1383      1   -28001571912
  -1380      0    50574541200
  -1379      1   -54359640216
  -1376      0   -20280984768
  -1375      1   -11284350000
  -1372      0   -20233421824
  -1371      1    78550164270
  -1368      0   107169899580
  -1367      1     2032179192
  -1364      0   -29913943752
  -1363      1   -98242926153
  -1360      0    13229969280
  -1359      1       69639768
  -1356      0    42983122320
  -1355      1     4372829550
  -1352      0   -60422314446
  -1351      1    50840428800
  -1348      0    52626009232
  -1347      1    77734674711
  -1344      0    35773483008
  -1343      1    76057722432
  -1340      0   -87897720960
  -1339      1    39536200756
  -1336      0   -68285716824
  -1335      1   -73307407920
  -1332      0     -364602348
  -1331      1    37304102286
  -1328      0      140837760
  -1327      1     -195970560
  -1324      0   -25040949816
  -1323      1            N/A
  -1320      0   -63396128400
  -1319      1     7447192488
  -1316      0   -19136125008
  -1315      1   -30288846345
  -1312      0   116737475712
  -1311      1     8577121488
  -1308      0     6837489792
  -1307      1-109304411265/2
  -1304      0    28703726964
  -1303      1    10238371576
  -1300      0   -29761561700
  -1299      1     2766309396
  -1296      0    73336470768
  -1295      1    -1388077200
  -1292      0    19310739552
  -1291      1-228348314235/2
  -1288      0   -26051270288
  -1287      1   -15520756680
  -1284      0   -25311955992
  -1283      1 -29657442465/2
  -1280      0    -7907328000
  -1279      1    -7432536512
  -1276      0   -49213442432
  -1275      1    76561890225
  -1272      0    73617104808
  -1271      1    19622404512
  -1268      0    51151992084
  -1267      1    78164300343
  -1264      0    15429406720
  -1263      1     5285932296
  -1260      0   -40221068400
  -1259      1  45790808499/2
  -1256      0   -30766854420
  -1255      1    19725635400
  -1252      0   -21658289648
  -1251      1 -26199801837/2
  -1248      0  -130961331072
  -1247      1   -54248146632
  -1244      0    78664860288
  -1243      1     8103364346
  -1240      0    -9278591120
  -1239      1    10570675008
  -1236      0     -784490472
  -1235      1     4844135790
  -1232      0     1047949056
  -1231      1     3622802976
  -1228      0     8356781256
  -1227      1   -88577571462
  -1224      0     4050200088
  -1223      1   -16102950120
  -1220      0    16414941600
  -1219      1    73979826807
  -1216      0     3672086528
  -1215      1   -13294500840
  -1212      0    52364871552
  -1211      1   -32184124533
  -1208      0   -15519247704
  -1207      1    -7138534608
  -1204      0     6861851920
  -1203      1    16531973271
  -1200      0            N/A
  -1199      1    -8935479432
  -1196      0    31627327680
  -1195      1    19979931700
  -1192      0    41731050324
  -1191      1    12438398520
  -1188      0   -12478058208
  -1187      1 -43785603099/2
  -1184      0   -29843681472
  -1183      1    26854361976
  -1180      0   -60947689600
  -1179      1 -60528471885/2
  -1176      0    -1858408188
  -1175      1    13995277200
  -1172      0   -30378102876
  -1171      1   8904373099/2
  -1168      0   -13541911680
  -1167      1    34451967048
  -1164      0   -18853828512
  -1163      1  50924760075/2
  -1160      0     1240150680
  -1159      1   -17179613944
  -1156      0   -12405499759
  -1155      1    -2744474700
  -1152      0    28834859520
  -1151      1    13045125024
  -1148      0    22289734656
  -1147      1   -48570504297
  -1144      0    25725973416
  -1143      1     -363591360
  -1140      0    24307326240
  -1139      1    -4004593848
  -1136      0    11996375040
  -1135      1   -33181155000
  -1132      0   -15580859448
  -1131      1    26653452852
  -1128      0     9996331632
  -1127      1   -12299404824
  -1124      0   -14628301848
  -1123      1  -8011152271/2
  -1120      0    36953347200
  -1119      1    -8966245944
  -1116      0    -6083852544
  -1115      1    38016454545
  -1112      0   -20211217020
  -1111      1    -2865998872
  -1108      0    21980520588
  -1107      1     -622229580
  -1104      0   -36232466688
  -1103      1     6010099200
  -1100      0   -19071419400
  -1099      1     4870443927
  -1096      0   -12367324632
  -1095      1     1278121200
  -1092      0   -18007472496
  -1091      1 -19396133811/2
  -1088      0   -14283159552
  -1087      1     2113671744
  -1084      0    16319631104
  -1083      1            N/A
  -1080      0     2578111200
  -1079      1     3008117736
  -1076      0    -3463050708
  -1075      1 -41933107925/2
  -1072      0    -4137331072
  -1071      1     5679830160
  -1068      0    40006718256
  -1067      1    47149688718
  -1064      0    10608872472
  -1063      1   -10638040072
  -1060      0    26485549840
  -1059      1   -26748066825
  -1056      0    18203758848
  -1055      1     3032231400
  -1052      0    -9184258944
  -1051      1 -39308356207/2
  -1048      0   -40259406444
  -1047      1    15065452056
  -1044      0    -8937104220
  -1043      1   -53511985548
  -1040      0    19407548160
  -1039      1     3624343408
  -1036      0     3973795424
  -1035      1     3762981585
  -1032      0   -12315921936
  -1031      1     5656703544
  -1028      0    10061167392
  -1027      1    55664120954
  -1024      0   -14721941504
  -1023      1   -17111829504
  -1020      0   -26869248000
  -1019      1  -5287655367/2
  -1016      0     1985245920
  -1015      1     5506232240
  -1012      0    -7684846840
  -1011      1     9296043822
  -1008      0     5152942080
  -1007      1    -1589869512
  -1004      0    -8371360728
  -1003      1    19706573978
  -1000      0    20455449000
   -999      1     3398377248
   -996      0    10906812504
   -995      1   -20485658700
   -992      0    14266112256
   -991      1     2112066256
   -988      0     1519260288
   -987      1   -25857852108
   -984      0    10958508072
   -983      1   -11269418040
   -980      0    -2284928100
   -979      1    -2760493868
   -976      0    -9688307904
   -975      1    -4861342200
   -972      0            N/A
   -971      1   8493196275/2
   -968      0    17423587962
   -967      1     1428572200
   -964      0    -3565329960
   -963      1  44267478885/2
   -960      0    -5592023040
   -959      1     4356078336
   -956      0    -4960763136
   -955      1   -15431546950
   -952      0   -14070001040
   -951      1    -9866921496
   -948      0    -4187447784
   -947      1  28555829361/2
   -944      0     1768346496
   -943      1     6635879264
   -940      0    13977502000
   -939      1    15094497012
   -936      0    -3903028740
   -935      1     4864812480
   -932      0     1552858200
   -931      1   -642318677/2
   -928      0   -10933010880
   -927      1     2675875752
   -924      0    25608312576
   -923      1    -9411459759
   -920      0    -8880791400
   -919      1    -3488744488
   -916      0      239814548
   -915      1    -8706566220
   -912      0     -184745088
   -911      1    -4526169696
   -908      0     -407397384
   -907      1 -64081745385/2
   -904      0     5323860592
   -903      1     5501105616
   -900      0    -3225313575
   -899      1     7897092651
   -896      0    -5966383104
   -895      1     8045238200
   -892      0    11908395520
   -891      1   8185338117/2
   -888      0     3953457576
   -887      1      259966440
   -884      0   -10879925472
   -883      1  25446400887/2
   -880      0     3111680000
   -879      1       61693080
   -876      0    -7782288288
   -875      1    13987464750
   -872      0     -677673972
   -871      1    -2837047720
   -868      0    -8730993008
   -867      1            N/A
   -864      0     1655748864
   -863      1    -4492395216
   -860      0   -10270995840
   -859      1  -9412383797/2
   -856      0     9955770132
   -855      1    -2010663000
   -852      0    14553828624
   -851      1     -938791503
   -848      0     5280669504
   -847      1    -7743816872
   -844      0    -2749305144
   -843      1    -6913144521
   -840      0   -10004572560
   -839      1     1277429544
   -836      0     7918884072
   -835      1      325674615
   -832      0     6920602624
   -831      1    -3866257896
   -828      0   -11631392640
   -827      1   8719165323/2
   -824      0     2759515416
   -823      1     7999350552
   -820      0    -1516694000
   -819      1     -223043535
   -816      0     -678015744
   -815      1     5529909960
   -812      0     5953746528
   -811      1  19703656267/2
   -808      0    -2747425452
   -807      1     -337695432
   -804      0    -5181325992
   -803      1   -14674081455
   -800      0    -6037178400
   -799      1     2649272384
   -796      0    -2040990336
   -795      1     6335557050
   -792      0     -163005876
   -791      1    -1492262496
   -788      0     7033254804
   -787      1  -9689499727/2
   -784      0    -4747138704
   -783      1     2250745056
   -780      0     8798805600
   -779      1    -8176285359
   -776      0    -2742431976
   -775      1    -4827346800
   -772      0     -365979064
   -771      1    -1781489097
   -768      0            N/A
   -767      1    -1048073832
   -764      0     5218391808
   -763      1    12800289146
   -760      0     -262914760
   -759      1      113251248
   -756      0    -1037516256
   -755      1     3597879150
   -752      0    -6232412160
   -751      1     -877508880
   -748      0    -9655085264
   -747      1   -243524475/2
   -744      0    -3746178648
   -743      1     -135198936
   -740      0     1047964320
   -739      1  -6183495823/2
   -736      0     2806869120
   -735      1     1078895160
   -732      0    -2381672832
   -731      1     2558825550
   -728      0     4100504616
   -727      1      -56213320
   -724      0     -607171948
   -723      1    -1786601382
   -720      0     5153544000
   -719      1     -299304576
   -716      0      550886904
   -715      1    -7363620550
   -712      0     3970042096
   -711      1      124196688
   -708      0    -2275459896
   -707      1     5194233207
   -704      0    -1436903424
   -703      1    -2468574200
   -700      0     3984131200
   -699      1      836787633
   -696      0     -592359768
   -695      1     1355322600
   -692      0    -6062673636
   -691      1   3326381873/2
   -688      0      414033536
   -687      1     2541172104
   -684      0      -78347016
   -683      1  -6137406639/2
   -680      0    -3115431000
   -679      1      886467600
   -676      0     1725333805
   -675      1            N/A
   -672      0    -5978104704
   -671      1      239986296
   -668      0     1703205504
   -667      1     1024540346
   -664      0     2704509260
   -663      1      -36905232
   -660      0     4541721360
   -659      1   5560111647/2
   -656      0       75955968
   -655      1    -1659772200
   -652      0     1925307800
   -651      1    -4454854860
   -648      0     1488243294
   -647      1     -386721576
   -644      0     1108420128
   -643      1   1315510455/2
   -640      0    -2945377280
   -639      1     -459914760
   -636      0    -2352432768
   -635      1     -333032175
   -632      0     -412353936
   -631      1      510496040
   -628      0    -3150729204
   -627      1     3883105050
   -624      0      970844160
   -623      1    -1045002528
   -620      0    -1296093600
   -619      1   3657171473/2
   -616      0     -984968336
   -615      1     -883732080
   -612      0     1048668120
   -611      1     -705802383
   -608      0     5217676992
   -607      1     1654859312
   -604      0      -23977856
   -603      1  -1502025327/2
   -600      0    -1036859700
   -599      1     -912805416
   -596      0      -11967588
   -595      1    -2525230150
   -592      0       84545472
   -591      1      886962264
   -588      0            N/A
   -587      1  -4435941429/2
   -584      0      543440736
   -583      1     1260714664
   -580      0     -175977200
   -579      1      594577428
   -576      0      336340224
   -575      1      868987800
   -572      0    -1122016896
   -571      1   2303617745/2
   -568      0    -2370530248
   -567      1    -1111158648
   -564      0      -37571568
   -563      1   1177975269/2
   -560      0     -171037440
   -559      1     -602663464
   -556      0     1564854216
   -555      1     3210733050
   -552      0     1628763504
   -551      1      544950216
   -548      0       71757072
   -547      1  -5136849609/2
   -544      0     -939176832
   -543      1    -1443301272
   -540      0      403038720
   -539      1   -890088507/2
   -536      0     -536408316
   -535      1     -117102680
   -532      0     2176624136
   -531      1  -3057671835/2
   -528      0    -1537911936
   -527      1       77794848
   -524      0     -759047688
   -523      1   4062831377/2
   -520      0      548483000
   -519      1      522024696
   -516      0    -1019666088
   -515      1     1477689975
   -512      0      158146560
   -511      1      384738304
   -508      0      125189120
   -507      1            N/A
   -504      0      438051240
   -503      1      260818056
   -500      0     -923265000
   -499      1  -2480625609/2
   -496      0      964055040
   -495      1       25047000
   -492      0      -39506640
   -491      1   -637274043/2
   -488      0      443374092
   -487      1     -574453432
   -484      0     -539259347
   -483      1      210758010
   -480      0      317750400
   -479      1      -74200896
   -476      0      410602752
   -475      1   -358368175/2
   -472      0     -241867500
   -471      1      498295704
   -468      0      106682004
   -467      1   1343301867/2
   -464      0     -435112128
   -463      1      289028048
   -460      0     -449508560
   -459      1      231554484
   -456      0     -314496528
   -455      1     -560102400
   -452      0      444432528
   -451      1      579592695
   -448      0     -372801536
   -447      1       32018088
   -444      0      621925248
   -443      1  -2546272431/2
   -440      0       86910120
   -439      1     -255904152
   -436      0      -55738356
   -435      1      -34850310
   -432      0            N/A
   -431      1     -128960496
   -428      0      555129288
   -427      1      644506141
   -424      0      -33523116
   -423      1      238937040
   -420      0     -118201200
   -419      1   1024273701/2
   -416      0     -190022976
   -415      1      -10205320
   -412      0     -921337984
   -411      1     -601570089
   -408      0      -83496264
   -407      1      337519512
   -404      0      186517404
   -403      1     -253917443
   -400      0      747898800
   -399      1       31904544
   -396      0     -146017080
   -395      1     -172125900
   -392      0     -161834274
   -391      1      -79213616
   -388      0      329558600
   -387      1    150311601/2
   -384      0      108125184
   -383      1      -60360624
   -380      0     -145353600
   -379      1    335337303/2
   -376      0      204776560
   -375      1     -123102000
   -372      0     -274325496
   -371      1      192669876
   -368      0     -386979840
   -367      1      -64475280
   -364      0       26643760
   -363      1            N/A
   -360      0      -45403380
   -359      1       28351224
   -356      0       73952856
   -355      1     -374321350
   -352      0       37798464
   -351      1      -14702688
   -348      0      411901056
   -347      1    115313553/2
   -344      0       38410956
   -343      1       25807936
   -340      0      -25056760
   -339      1     -158026185
   -336      0     -127873152
   -335      1      112114440
   -332      0       -3053880
   -331      1    184124631/2
   -328      0     -221093704
   -327      1       -8721288
   -324      0     -138894831
   -323      1      -70995366
   -320      0      132940800
   -319      1       62772248
   -316      0      -42762496
   -315      1      147871575
   -312      0      248032824
   -311      1     -100337832
   -308      0       -1984752
   -307      1    -61446921/2
   -304      0        1586816
   -303      1      -66791928
   -300      0            N/A
   -299      1     -116276940
   -296      0       56522124
   -295      1       77739400
   -292      0       25647560
   -291      1       69315546
   -288      0     -103070880
   -287      1      -28430784
   -284      0      -33247872
   -283      1    114565143/2
   -280      0      -69987400
   -279      1        7760016
   -276      0       68622096
   -275      1    140231025/2
   -272      0       51055488
   -271      1      -20815856
   -268      0       89712536
   -267      1     -147083523
   -264      0      -34476816
   -263      1       11714616
   -260      0      -36756720
   -259      1      -14609542
   -256      0       -8785920
   -255      1       34272000
   -252      0      -14281344
   -251      1     61554123/2
   -248      0      -27019152
   -247      1       -1937832
   -244      0       18349068
   -243      1            N/A
   -240      0       33945600
   -239      1        6327504
   -236      0      -38344248
   -235      1      -51387875
   -232      0       20706460
   -231      1      -32663664
   -228      0         349896
   -227      1      2995569/2
   -224      0       21326976
   -223      1      -15189280
   -220      0       -8624000
   -219      1       28611354
   -216      0       -3135888
   -215      1       13100760
   -212      0      -10001268
   -211      1     20215479/2
   -208      0      -24737856
   -207      1       14835960
   -204      0       14701872
   -203      1      -21888774
   -200      0       11434050
   -199      1        2603304
   -196      0        8990793
   -195      1      -32348550
   -192      0            N/A
   -191      1       -6656112
   -188      0       17273088
   -187      1       35496637
   -184      0       -5316040
   -183      1        3037848
   -180      0       -9760500
   -179      1     -4050639/2
   -176      0        -620928
   -175      1       -5081800
   -172      0       -8977768
   -171      1       576081/2
   -168      0       11322168
   -167      1       -2172456
   -164      0        -143856
   -163      1    -14156675/2
   -160      0       10528320
   -159      1        3000552
   -156      0       -2690688
   -155      1        4765050
   -152      0       -9881964
   -151      1          30584
   -148      0        -160124
   -147      1            N/A
   -144      0       -1202256
   -143      1        1431144
   -140      0        3708720
   -139      1    -11506281/2
   -136      0        1778744
   -135      1        -514080
   -132      0        2912712
   -131      1      5581233/2
   -128      0       -2658816
   -127      1        -159680
   -124      0       -2671872
   -123      1         145245
   -120      0        -601800
   -119      1        -523728
   -116      0         824076
   -115      1        1652605
   -112      0        2263040
   -111      1        -793272
   -108      0            N/A
   -107      1     -4081833/2
   -104      0         359892
   -103      1        1175176
   -100      0       -1416475
    -99      1      1073655/2
    -96      0        -386496
    -95      1         185400
    -92      0        1072512
    -91      1         -97955
    -88      0         -71588
    -87      1        -525384
    -84      0         242184
    -83      1        22455/2
    -80      0        -475200
    -79      1          54544
    -76      0         -34408
    -75      1            N/A
    -72      0         195210
    -71      1          42408
    -68      0         -96696
    -67      1      -659651/2
    -64      0         147712
    -63      1          18216
    -60      0         -94080
    -59      1       281943/2
    -56      0         -40392
    -55      1          11000
    -52      0          46852
    -51      1         -54051
    -48      0            N/A
    -47      1         -22032
    -44      0          13464
    -43      1        66013/2
    -40      0         -19940
    -39      1           3432
    -36      0           2277
    -35      1         -13635
    -32      0           9504
    -31      1           3408
    -28      0          -6272
    -27      1            N/A
    -24      0            732
    -23      1          -1368
    -20      0            900
    -19      1          253/2
    -16      0           -528
    -15      1            120
    -12      0            N/A
    -11      1          -99/2
     -8      0            -18
     -7      1              8
     -4      0              1
     -3      1            N/A
