Data for the skew-holomorphic Jacobi modular form resulting from applying the map for the $m$-admissible pair (Delta_0,r_0)=(1,1) to the modular symbol (1,23) + (1,32) + (1,34) - (1,35) of weight 2 and level 37.  Data generated by the following Sage code:

ms37b = kernel(ModularSymbols(Gamma0(37), 2).minus_submodule().cuspidal_submodule().atkin_lehner_operator() + 1).gen(0)
jj = compute_jacobi_fast(ms37b, 1, 1, 2000)

Weight: 2
Index: 37

Coefficients:
====================================
  Delta      r     c(Delta,r)
====================================
      4      2            N/A
      4     72            N/A
      9      3            N/A
      9     71            N/A
     12     30              2
     12     44             -2
     16      4            N/A
     16     70            N/A
     21     13              2
     21     61             -2
     25      5            N/A
     25     69            N/A
     28     18              2
     28     56             -2
     33     25              2
     33     49             -2
     36      6            N/A
     36     68            N/A
     37     37              0
     40     22              0
     40     52              0
     41     35              2
     41     39             -2
     44     28              2
     44     46             -2
     48     14              0
     48     60              0
     49      7            N/A
     49     67            N/A
     53     33              2
     53     41             -2
     64      8            N/A
     64     66            N/A
     65     19              0
     65     55              0
     73     31              2
     73     43             -2
     77     15              2
     77     59             -2
     81      9            N/A
     81     65            N/A
     84     26              2
     84     48             -2
     85     23              4
     85     51             -4
    100     10            N/A
    100     64            N/A
    101     29              2
    101     45             -2
    104     20              4
    104     54             -4
    108     16              2
    108     58             -2
    112     36              0
    112     38              0
    120     34              0
    120     40              0
    121     11            N/A
    121     63            N/A
    132     24              2
    132     50             -2
    136     32              4
    136     42             -4
    137     27              4
    137     47             -4
    141     17              2
    141     57             -2
    144     12            N/A
    144     62            N/A
    145     21              4
    145     53             -4
    148      0              0
    149      1             -2
    149     73              2
    152      2              0
    152     72              0
    157      3              2
    157     71             -2
    160     30              0
    160     44              0
    164      4              2
    164     70             -2
    169     13            N/A
    169     61            N/A
    173      5              2
    173     69             -2
    176     18              0
    176     56              0
    181     25              2
    181     49             -2
    184      6              0
    184     68              0
    185     37              0
    188     22              6
    188     52             -6
    189     35             -2
    189     39              2
    192     28              4
    192     46             -4
    196     14            N/A
    196     60            N/A
    197      7              2
    197     67             -2
    201     33              0
    201     41              0
    212      8             -2
    212     66              2
    213     19              6
    213     55             -6
    221     31              0
    221     43              0
    225     15            N/A
    225     59            N/A
    229      9              6
    229     65             -6
    232     26              4
    232     48             -4
    233     23              0
    233     51              0
    248     10              0
    248     64              0
    249     29              2
    249     45             -2
    252     20              0
    252     54              0
    256     16            N/A
    256     58            N/A
    260     36              0
    260     38              0
    268     34              4
    268     40             -4
    269     11              0
    269     63              0
    280     24              8
    280     50             -8
    284     32             -2
    284     42              2
    285     27              4
    285     47             -4
    289     17            N/A
    289     57            N/A
    292     12              2
    292     62             -2
    293     21              4
    293     53             -4
    296      0              0
    297      1              2
    297     73             -2
    300      2              2
    300     72             -2
    305      3             -4
    305     71              4
    308     30              2
    308     44             -2
    312      4              4
    312     70             -4
    317     13              4
    317     61             -4
    321      5              0
    321     69              0
    324     18            N/A
    324     56            N/A
    329     25              2
    329     49             -2
    332      6              2
    332     68             -2
    333     37              0
    336     22              4
    336     52             -4
    337     35             -2
    337     39              2
    340     28             -4
    340     46              4
    344     14              4
    344     60             -4
    345      7              4
    345     67             -4
    349     33              0
    349     41              0
    360      8              0
    360     66              0
    361     19            N/A
    361     55            N/A
    369     31              4
    369     43             -4
    373     15              2
    373     59             -2
    377      9              0
    377     65              0
    380     26              4
    380     48             -4
    381     23              2
    381     51             -2
    396     10              4
    396     64             -4
    397     29              6
    397     45             -6
    400     20            N/A
    400     54            N/A
    404     16             -2
    404     58              2
    408     36              4
    408     38             -4
    416     34              0
    416     40              0
    417     11              0
    417     63              0
    428     24              0
    428     50              0
    432     32              0
    432     42              0
    433     27             -2
    433     47              2
    437     17              4
    437     57             -4
    440     12              8
    440     62             -8
    441     21            N/A
    441     53            N/A
    444      0              0
    445      1              0
    445     73              0
    448      2              4
    448     72             -4
    453      3              0
    453     71              0
    456     30              0
    456     44              0
    460      4             -4
    460     70              4
    465     13              4
    465     61             -4
    469      5              0
    469     69              0
    472     18              4
    472     56             -4
    477     25              4
    477     49             -4
    480      6              0
    480     68              0
    481     37              0
    484     22            N/A
    484     52            N/A
    485     35              4
    485     39             -4
    488     28              4
    488     46             -4
    492     14              6
    492     60             -6
    493      7              0
    493     67              0
    497     33             -2
    497     41              2
    508      8              6
    508     66             -6
    509     19              6
    509     55             -6
    517     31              2
    517     43             -2
    521     15              2
    521     59             -2
    525      9              2
    525     65             -2
    528     26             -4
    528     48              4
    529     23            N/A
    529     51            N/A
    544     10              0
    544     64              0
    545     29              0
    545     45              0
    548     20              4
    548     54             -4
    552     16              8
    552     58             -8
    556     36             -4
    556     38              4
    564     34              2
    564     40             -2
    565     11              8
    565     63             -8
    576     24            N/A
    576     50            N/A
    580     32              4
    580     42             -4
    581     27              2
    581     47             -2
    585     17              0
    585     57              0
    588     12              0
    588     62              0
    589     21              0
    589     53              0
    592      0              0
    593      1             -2
    593     73              2
    596      2             -2
    596     72              2
    601      3              4
    601     71             -4
    604     30              4
    604     44             -4
    608      4              0
    608     70              0
    613     13              2
    613     61             -2
    617      5              2
    617     69             -2
    620     18              4
    620     56             -4
    625     25            N/A
    625     49            N/A
    628      6              2
    628     68             -2
    629     37              0
    632     22             -4
    632     52              4
    633     35              2
    633     39             -2
    636     28              2
    636     46             -2
    640     14              0
    640     60              0
    641      7              2
    641     67             -2
    645     33              4
    645     41             -4
    656      8              4
    656     66             -4
    657     19              0
    657     55              0
    665     31             -4
    665     43              4
    669     15              6
    669     59             -6
    673      9              2
    673     65             -2
    676     26            N/A
    676     48            N/A
    677     23              2
    677     51             -2
    692     10              2
    692     64             -2
    693     29             -4
    693     45              4
    696     20              4
    696     54             -4
    700     16              2
    700     58             -2
    704     36              4
    704     38             -4
    712     34             -8
    712     40              8
    713     11              4
    713     63             -4
    724     24             -2
    724     50              2
    728     32              4
    728     42             -4
    729     27            N/A
    729     47            N/A
    733     17              6
    733     57             -6
    736     12              0
    736     62              0
    737     21              0
    737     53              0
    740      0              0
    741      1              4
    741     73             -4
    744      2             -8
    744     72              8
    749      3              4
    749     71             -4
    752     30              0
    752     44              0
    756      4              2
    756     70             -2
    761     13              6
    761     61             -6
    765      5              0
    765     69              0
    768     18              0
    768     56              0
    773     25              2
    773     49             -2
    776      6              4
    776     68             -4
    777     37              0
    780     22              8
    780     52             -8
    781     35              2
    781     39             -2
    784     28            N/A
    784     46            N/A
    788     14              2
    788     60             -2
    789      7              2
    789     67             -2
    793     33              4
    793     41             -4
    804      8              0
    804     66              0
    805     19             -4
    805     55              4
    813     31              2
    813     43             -2
    817     15              8
    817     59             -8
    821      9             -2
    821     65              2
    824     26             -4
    824     48              4
    825     23             -2
    825     51              2
    840     10              8
    840     64             -8
    841     29            N/A
    841     45            N/A
    844     20              2
    844     54             -2
    848     16              4
    848     58             -4
    852     36             -6
    852     38              6
    860     34              4
    860     40             -4
    861     11              2
    861     63             -2
    872     24              0
    872     50              0
    876     32             -6
    876     42              6
    877     27              4
    877     47             -4
    881     17             -4
    881     57              4
    884     12              0
    884     62              0
    885     21              8
    885     53             -8
    888      0              0
    889      1             -2
    889     73              2
    892      2              6
    892     72             -6
    897      3              4
    897     71             -4
    900     30            N/A
    900     44            N/A
    904      4              4
    904     70             -4
    909     13              4
    909     61             -4
    913      5              6
    913     69             -6
    916     18              6
    916     56             -6
    921     25              2
    921     49             -2
    924      6              2
    924     68             -2
    925     37              0
    928     22              0
    928     52              0
    929     35             -4
    929     39              4
    932     28              0
    932     46              0
    936     14             -8
    936     60              8
    937      7             -6
    937     67              6
    941     33              0
    941     41              0
    952      8              4
    952     66             -4
    953     19              2
    953     55             -2
    961     31            N/A
    961     43            N/A
    965     15              0
    965     59              0
    969      9              8
    969     65             -8
    972     26              4
    972     48             -4
    973     23              4
    973     51             -4
    988     10              4
    988     64             -4
    989     29              0
    989     45              0
    992     20              0
    992     54              0
    996     16              2
    996     58             -2
   1000     36              0
   1000     38              0
   1008     34              0
   1008     40              0
   1009     11             -2
   1009     63              2
   1020     24             -4
   1020     50              4
   1024     32            N/A
   1024     42            N/A
   1025     27             -2
   1025     47              2
   1029     17             -2
   1029     57              2
   1032     12              4
   1032     62             -4
   1033     21             -2
   1033     53              2
   1036      0              0
   1037      1              4
   1037     73             -4
   1040      2              0
   1040     72              0
   1045      3             -4
   1045     71              4
   1048     30             -4
   1048     44              4
   1052      4              2
   1052     70             -2
   1057     13              0
   1057     61              0
   1061      5              4
   1061     69             -4
   1064     18              0
   1064     56              0
   1069     25              4
   1069     49             -4
   1072      6              0
   1072     68              0
   1073     37              0
   1076     22              0
   1076     52              0
   1077     35             -2
   1077     39              2
   1080     28              0
   1080     46              0
   1084     14             10
   1084     60            -10
   1085      7              4
   1085     67             -4
   1089     33            N/A
   1089     41            N/A
   1100      8              2
   1100     66             -2
   1101     19              0
   1101     55              0
   1109     31              2
   1109     43             -2
   1113     15             -6
   1113     59              6
   1117      9             -2
   1117     65              2
   1120     26              0
   1120     48              0
   1121     23              4
   1121     51             -4
   1136     10              0
   1136     64              0
   1137     29              2
   1137     45             -2
   1140     20             -4
   1140     54              4
   1144     16             -4
   1144     58              4
   1148     36             -2
   1148     38              2
   1156     34            N/A
   1156     40            N/A
   1157     11              0
   1157     63              0
   1168     24              4
   1168     50             -4
   1172     32             -4
   1172     42              4
   1173     27              0
   1173     47              0
   1177     17              8
   1177     57             -8
   1180     12              0
   1180     62              0
   1181     21              6
   1181     53             -6
   1184      0              0
   1185      1              0
   1185     73              0
   1188      2             -2
   1188     72              2
   1193      3              2
   1193     71             -2
   1196     30              4
   1196     44             -4
   1200      4              0
   1200     70              0
   1205     13             -4
   1205     61              4
   1209      5             -4
   1209     69              4
   1212     18              2
   1212     56             -2
   1217     25             -2
   1217     49              2
   1220      6              4
   1220     68             -4
   1221     37              0
   1224     22              0
   1224     52              0
   1225     35            N/A
   1225     39            N/A
   1228     28             -6
   1228     46              6
   1232     14              4
   1232     60             -4
   1233      7              8
   1233     67             -8
   1237     33             -8
   1237     41              8
   1248      8              0
   1248     66              0
   1249     19              2
   1249     55             -2
   1257     31             -6
   1257     43              6
   1261     15              0
   1261     59              0
   1265      9              4
   1265     65             -4
   1268     26              4
   1268     48             -4
   1269     23             -2
   1269     51              2
   1284     10              0
   1284     64              0
   1285     29              4
   1285     45             -4
   1288     20              8
   1288     54             -8
   1292     16              0
   1292     58              0
   1296     36            N/A
   1296     38            N/A
   1304     34              0
   1304     40              0
   1305     11              0
   1305     63              0
   1316     24              2
   1316     50             -2
   1320     32              8
   1320     42             -8
   1321     27              2
   1321     47             -2
   1325     17              2
   1325     57             -2
   1328     12              0
   1328     62              0
   1329     21             -6
   1329     53              6
   1332      0              0
   1333      1             -4
   1333     73              4
   1336      2              8
   1336     72             -8
   1341      3             -4
   1341     71              4
   1344     30             -4
   1344     44              4
   1348      4             -2
   1348     70              2
   1353     13              2
   1353     61             -2
   1357      5              4
   1357     69             -4
   1360     18             -8
   1360     56              8
   1365     25              0
   1365     49              0
   1368      6              0
   1368     68              0
   1369     37            N/A
   1372     22              2
   1372     52             -2
   1373     35              0
   1373     39              0
   1376     28              0
   1376     46              0
   1380     14             -4
   1380     60              4
   1381      7              2
   1381     67             -2
   1385     33             -4
   1385     41              4
   1396      8              0
   1396     66              0
   1397     19              2
   1397     55             -2
   1405     31              4
   1405     43             -4
   1409     15             -2
   1409     59              2
   1413      9              0
   1413     65              0
   1416     26             -4
   1416     48              4
   1417     23             -4
   1417     51              4
   1432     10            -12
   1432     64             12
   1433     29              4
   1433     45             -4
   1436     20             -6
   1436     54              6
   1440     16              0
   1440     58              0
   1444     36            N/A
   1444     38            N/A
   1452     34              4
   1452     40             -4
   1453     11              6
   1453     63             -6
   1464     24             12
   1464     50            -12
   1468     32             -4
   1468     42              4
   1469     27             -4
   1469     47              4
   1473     17             -4
   1473     57              4
   1476     12              4
   1476     62             -4
   1477     21             -6
   1477     53              6
   1480      0              0
   1481      1              2
   1481     73             -2
   1484      2              2
   1484     72             -2
   1489      3              0
   1489     71              0
   1492     30              2
   1492     44             -2
   1496      4             -4
   1496     70              4
   1501     13             -4
   1501     61              4
   1505      5             -4
   1505     69              4
   1508     18              0
   1508     56              0
   1513     25             -4
   1513     49              4
   1516      6             -2
   1516     68              2
   1517     37              0
   1520     22              0
   1520     52              0
   1521     35            N/A
   1521     39            N/A
   1524     28             -2
   1524     46              2
   1528     14              4
   1528     60             -4
   1529      7             -4
   1529     67              4
   1533     33             -2
   1533     41              2
   1544      8              0
   1544     66              0
   1545     19             12
   1545     55            -12
   1553     31              4
   1553     43             -4
   1557     15              4
   1557     59             -4
   1561      9             -2
   1561     65              2
   1564     26              0
   1564     48              0
   1565     23             -4
   1565     51              4
   1580     10              0
   1580     64              0
   1581     29             -4
   1581     45              4
   1584     20              0
   1584     54              0
   1588     16             -6
   1588     58              6
   1592     36              4
   1592     38             -4
   1600     34            N/A
   1600     40            N/A
   1601     11              0
   1601     63              0
   1612     24             -4
   1612     50              4
   1616     32              4
   1616     42             -4
   1617     27              0
   1617     47              0
   1621     17              2
   1621     57             -2
   1624     12              4
   1624     62             -4
   1625     21              0
   1625     53              0
   1628      0              0
   1629      1              0
   1629     73              0
   1632      2              0
   1632     72              0
   1637      3              2
   1637     71             -2
   1640     30             -8
   1640     44              8
   1644      4              8
   1644     70             -8
   1649     13              0
   1649     61              0
   1653      5             -8
   1653     69              8
   1656     18              0
   1656     56              0
   1661     25             -4
   1661     49              4
   1664      6             -8
   1664     68              8
   1665     37              0
   1668     22              0
   1668     52              0
   1669     35              0
   1669     39              0
   1672     28              8
   1672     46             -8
   1676     14             -2
   1676     60              2
   1677      7              4
   1677     67             -4
   1681     33            N/A
   1681     41            N/A
   1692      8            -12
   1692     66             12
   1693     19             -4
   1693     55              4
   1701     31              4
   1701     43             -4
   1705     15             -4
   1705     59              4
   1709      9              2
   1709     65             -2
   1712     26              0
   1712     48              0
   1713     23              2
   1713     51             -2
   1728     10              4
   1728     64             -4
   1729     29              4
   1729     45             -4
   1732     20             -2
   1732     54              2
   1736     16              8
   1736     58             -8
   1740     36              4
   1740     38             -4
   1748     34              4
   1748     40             -4
   1749     11            -10
   1749     63             10
   1760     24              0
   1760     50              0
   1764     32            N/A
   1764     42            N/A
   1765     27              0
   1765     47              0
   1769     17              0
   1769     57              0
   1772     12             -6
   1772     62              6
   1773     21              4
   1773     53             -4
   1776      0              0
   1777      1             -8
   1777     73              8
   1780      2              0
   1780     72              0
   1785      3             -4
   1785     71              4
   1788     30              6
   1788     44             -6
   1792      4              0
   1792     70              0
   1797     13              2
   1797     61             -2
   1801      5              2
   1801     69             -2
   1804     18             -2
   1804     56              2
   1809     25              0
   1809     49              0
   1812      6              0
   1812     68              0
   1813     37              0
   1816     22             -8
   1816     52              8
   1817     35             -4
   1817     39              4
   1820     28             -8
   1820     46              8
   1824     14              0
   1824     60              0
   1825      7              2
   1825     67             -2
   1829     33              4
   1829     41             -4
   1840      8              0
   1840     66              0
   1841     19            -10
   1841     55             10
   1849     31            N/A
   1849     43            N/A
   1853     15              0
   1853     59              0
   1857      9             -6
   1857     65              6
   1860     26             -4
   1860     48              4
   1861     23             -2
   1861     51              2
   1876     10              0
   1876     64              0
   1877     29              0
   1877     45              0
   1880     20              0
   1880     54              0
   1884     16             -2
   1884     58              2
   1888     36              0
   1888     38              0
   1896     34             -4
   1896     40              4
   1897     11             -2
   1897     63              2
   1908     24             -4
   1908     50              4
   1912     32              4
   1912     42             -4
   1913     27              6
   1913     47             -6
   1917     17             -6
   1917     57              6
   1920     12              0
   1920     62              0
   1921     21              4
   1921     53             -4
   1924      0              0
   1925      1              2
   1925     73             -2
   1928      2             -4
   1928     72              4
   1933      3             -6
   1933     71              6
   1936     30            N/A
   1936     44            N/A
   1940      4             -4
   1940     70              4
   1945     13             -8
   1945     61              8
   1949      5             -2
   1949     69              2
   1952     18              0
   1952     56              0
   1957     25              0
   1957     49              0
   1960      6              0
   1960     68              0
   1961     37              0
   1964     22              4
   1964     52             -4
   1965     35              0
   1965     39              0
   1968     28              0
   1968     46              0
   1972     14              0
   1972     60              0
   1973      7             -8
   1973     67              8
   1977     33              2
   1977     41             -2
   1988      8             -2
   1988     66              2
   1989     19              0
   1989     55              0
   1997     31              2
   1997     43             -2
