Data for the skew-holomorphic Jacobi modular form resulting from applying the map for the $m$-admissible pair (Delta_0,r_0)=(5,7) to the modular symbol (1,8) - 1/2*(1,9) of weight 2 and level 11.  Data generated by the following Sage code:

ms11 = ModularSymbols(Gamma0(11), 2).minus_submodule().cuspidal_submodule().gen(0)
jj = compute_jacobi_fast(ms11, 5, 7, 2000)

Weight: 2
Index: 11

Coefficients:
====================================
  Delta      r     c(Delta,r)
====================================
      1      1              1
      1     21             -1
      4      2             -3
      4     20              3
      5      7            N/A
      5     15            N/A
      9      3             -2
      9     19              2
     12     10              5
     12     12             -5
     16      4              4
     16     18             -4
     20      8            N/A
     20     14            N/A
     25      5              0
     25     17              0
     33     11              0
     36      6              6
     36     16             -6
     37      9              5
     37     13             -5
     44      0              0
     45      1            N/A
     45     21            N/A
     48      2             10
     48     20            -10
     49      7             -3
     49     15              3
     53      3             10
     53     19            -10
     56     10            -10
     56     12             10
     60      4             -5
     60     18              5
     64      8             -2
     64     14              2
     69      5             15
     69     17            -15
     77     11              0
     80      6            N/A
     80     16            N/A
     81      9             -1
     81     13              1
     88      0              0
     89      1             -5
     89     21              5
     92      2              5
     92     20             -5
     93      7             -5
     93     15              5
     97      3              5
     97     19             -5
    100     10              0
    100     12              0
    104      4             10
    104     18            -10
    108      8             -5
    108     14              5
    113      5             -5
    113     17              5
    121     11              0
    124      6              5
    124     16             -5
    125      9            N/A
    125     13            N/A
    132      0              0
    133      1             10
    133     21            -10
    136      2            -10
    136     20             10
    137      7              5
    137     15             -5
    141      3            -10
    141     19             10
    144     10              8
    144     12             -8
    148      4              5
    148     18             -5
    152      8             10
    152     14            -10
    157      5            -15
    157     17             15
    165     11              0
    168      6            -10
    168     16             10
    169      9             -3
    169     13              3
    176      0              0
    177      1              5
    177     21             -5
    180      2            N/A
    180     20            N/A
    181      7             15
    181     15            -15
    185      3             -5
    185     19              5
    188     10             10
    188     12            -10
    192      4            -10
    192     18             10
    196      8             -9
    196     14              9
    201      5              5
    201     17             -5
    209     11              0
    212      6            -10
    212     16             10
    213      9              5
    213     13             -5
    220      0              0
    221      1            -10
    221     21             10
    224      2            -20
    224     20             20
    225      7              0
    225     15              0
    229      3             -5
    229     19              5
    232     10              0
    232     12              0
    236      4             -5
    236     18              5
    240      8             10
    240     14            -10
    245      5            N/A
    245     17            N/A
    253     11              0
    256      6              4
    256     16             -4
    257      9             10
    257     13            -10
    264      0              0
    265      1              0
    265     21              0
    268      2              5
    268     20             -5
    269      7            -20
    269     15             20
    273      3              0
    273     19              0
    276     10            -15
    276     12             15
    280      4            -10
    280     18             10
    284      8            -15
    284     14             15
    289      5              3
    289     17             -3
    297     11              0
    300      6             10
    300     16            -10
    301      9            -10
    301     13             10
    308      0              0
    309      1            -20
    309     21             20
    312      2             10
    312     20            -10
    313      7             -5
    313     15              5
    317      3             -5
    317     19              5
    320     10            N/A
    320     12            N/A
    324      4             -3
    324     18              3
    328      8             10
    328     14            -10
    333      5            -10
    333     17             10
    341     11              0
    344      6              0
    344     16              0
    345      9             -5
    345     13              5
    352      0              0
    353      1              5
    353     21             -5
    356      2             15
    356     20            -15
    357      7            -20
    357     15             20
    361      3              1
    361     19             -1
    364     10              0
    364     12              0
    368      4            -10
    368     18             10
    372      8             -5
    372     14              5
    377      5             10
    377     17            -10
    385     11              0
    388      6            -15
    388     16             15
    389      9             -5
    389     13              5
    396      0              0
    397      1             10
    397     21            -10
    400      2              0
    400     20              0
    401      7              0
    401     15              0
    405      3            N/A
    405     19            N/A
    408     10            -10
    408     12             10
    412      4             10
    412     18            -10
    416      8            -20
    416     14             20
    421      5              0
    421     17              0
    429     11              0
    432      6            -10
    432     16             10
    433      9              5
    433     13             -5
    440      0              0
    441      1             -6
    441     21              6
    444      2            -15
    444     20             15
    445      7              5
    445     15             -5
    449      3              5
    449     19             -5
    452     10             15
    452     12            -15
    456      4             10
    456     18            -10
    460      8             -5
    460     14              5
    465      5            -15
    465     17             15
    473     11              0
    476      6              0
    476     16              0
    477      9              0
    477     13              0
    484      0              0
    485      1             25
    485     21            -25
    488      2              0
    488     20              0
    489      7             10
    489     15            -10
    493      3            -10
    493     19             10
    496     10             10
    496     12            -10
    500      4            N/A
    500     18            N/A
    504      8              0
    504     14              0
    509      5              5
    509     17             -5
    517     11              0
    520      6            -10
    520     16             10
    521      9            -15
    521     13             15
    528      0              0
    529      1             -2
    529     21              2
    532      2            -10
    532     20             10
    533      7             10
    533     15            -10
    537      3              5
    537     19             -5
    540     10             -5
    540     12              5
    544      4             20
    544     18            -20
    548      8             15
    548     14            -15
    553      5              0
    553     17              0
    561     11              0
    564      6             10
    564     16            -10
    565      9            -15
    565     13             15
    572      0              0
    573      1             -5
    573     21              5
    576      2              4
    576     20             -4
    577      7              5
    577     15             -5
    581      3            -30
    581     19             30
    584     10             10
    584     12            -10
    588      4             -5
    588     18              5
    592      8              0
    592     14              0
    597      5            -10
    597     17             10
    605     11            N/A
    608      6             20
    608     16            -20
    609      9             10
    609     13            -10
    616      0              0
    617      1              0
    617     21              0
    620      2             -5
    620     20              5
    621      7             15
    621     15            -15
    625      3             -5
    625     19              5
    628     10             15
    628     12            -15
    632      4              0
    632     18              0
    636      8             20
    636     14            -20
    641      5             -5
    641     17              5
    649     11              0
    652      6              0
    652     16              0
    653      9             25
    653     13            -25
    660      0              0
    661      1            -15
    661     21             15
    664      2              0
    664     20              0
    665      7            -10
    665     15             10
    669      3             25
    669     19            -25
    672     10            -20
    672     12             20
    676      4             -9
    676     18              9
    680      8            -10
    680     14             10
    685      5             25
    685     17            -25
    693     11              0
    696      6              0
    696     16              0
    697      9              0
    697     13              0
    704      0              0
    705      1              0
    705     21              0
    708      2            -15
    708     20             15
    709      7             -5
    709     15              5
    713      3             -5
    713     19              5
    716     10             -5
    716     12              5
    720      4            N/A
    720     18            N/A
    724      8             15
    724     14            -15
    729      5              7
    729     17             -7
    737     11              0
    740      6             15
    740     16            -15
    741      9             30
    741     13            -30
    748      0              0
    749      1              0
    749     21              0
    752      2             20
    752     20            -20
    753      7             -5
    753     15              5
    757      3             10
    757     19            -10
    760     10             10
    760     12            -10
    764      4            -15
    764     18             15
    768      8              0
    768     14              0
    773      5             10
    773     17            -10
    781     11              0
    784      6            -12
    784     16             12
    785      9              5
    785     13             -5
    792      0              0
    793      1            -10
    793     21             10
    796      2             20
    796     20            -20
    797      7             15
    797     15            -15
    801      3              0
    801     19              0
    804     10            -15
    804     12             15
    808      4            -10
    808     18             10
    812      8             10
    812     14            -10
    817      5              0
    817     17              0
    825     11              0
    828      6              0
    828     16              0
    829      9             -5
    829     13              5
    836      0              0
    837      1             -5
    837     21              5
    840      2             10
    840     20            -10
    841      7             -1
    841     15              1
    845      3            N/A
    845     19            N/A
    848     10              0
    848     12              0
    852      4              5
    852     18             -5
    856      8            -10
    856     14             10
    861      5             10
    861     17            -10
    869     11              0
    872      6             20
    872     16            -20
    873      9            -10
    873     13             10
    880      0              0
    881      1             15
    881     21            -15
    884      2             10
    884     20            -10
    885      7            -15
    885     15             15
    889      3            -10
    889     19             10
    892     10             -5
    892     12              5
    896      4             20
    896     18            -20
    900      8              0
    900     14              0
    905      5              5
    905     17             -5
    913     11              0
    916      6              5
    916     16             -5
    917      9            -20
    917     13             20
    924      0              0
    925      1             10
    925     21            -10
    928      2              0
    928     20              0
    929      7            -10
    929     15             10
    933      3              0
    933     19              0
    936     10              0
    936     12              0
    940      4             20
    940     18            -20
    944      8             10
    944     14            -10
    949      5            -20
    949     17             20
    957     11              0
    960      6             10
    960     16            -10
    961      9              6
    961     13             -6
    968      0              0
    969      1             10
    969     21            -10
    972      2            -10
    972     20             10
    973      7             20
    973     15            -20
    977      3              5
    977     19             -5
    980     10            N/A
    980     12            N/A
    984      4             10
    984     18            -10
    988      8            -10
    988     14             10
    993      5             -5
    993     17              5
   1001     11              0
   1004      6            -25
   1004     16             25
   1005      9             -5
   1005     13              5
   1012      0              0
   1013      1             -5
   1013     21              5
   1016      2            -10
   1016     20             10
   1017      7              0
   1017     15              0
   1021      3             10
   1021     19            -10
   1024     10             12
   1024     12            -12
   1028      4             30
   1028     18            -30
   1032      8            -20
   1032     14             20
   1037      5             20
   1037     17            -20
   1045     11              0
   1048      6             10
   1048     16            -10
   1049      9             -5
   1049     13              5
   1056      0              0
   1057      1              0
   1057     21              0
   1060      2              0
   1060     20              0
   1061      7              5
   1061     15             -5
   1065      3             -5
   1065     19              5
   1068     10              5
   1068     12             -5
   1072      4            -10
   1072     18             10
   1076      8            -20
   1076     14             20
   1081      5              0
   1081     17              0
   1089     11              0
   1092      6              0
   1092     16              0
   1093      9            -25
   1093     13             25
   1100      0              0
   1101      1             25
   1101     21            -25
   1104      2              0
   1104     20              0
   1105      7             10
   1105     15            -10
   1109      3              0
   1109     19              0
   1112     10             10
   1112     12            -10
   1116      4             10
   1116     18            -10
   1120      8             20
   1120     14            -20
   1125      5            N/A
   1125     17            N/A
   1133     11              0
   1136      6            -30
   1136     16             30
   1137      9             -5
   1137     13              5
   1144      0              0
   1145      1            -15
   1145     21             15
   1148      2            -10
   1148     20             10
   1149      7             15
   1149     15            -15
   1153      3              5
   1153     19             -5
   1156     10             -9
   1156     12              9
   1160      4            -20
   1160     18             20
   1164      8             15
   1164     14            -15
   1169      5            -10
   1169     17             10
   1177     11              0
   1180      6            -15
   1180     16             15
   1181      9             30
   1181     13            -30
   1188      0              0
   1189      1             20
   1189     21            -20
   1192      2            -10
   1192     20             10
   1193      7             15
   1193     15            -15
   1197      3            -20
   1197     19             20
   1200     10             20
   1200     12            -20
   1204      4            -10
   1204     18             10
   1208      8              0
   1208     14              0
   1213      5              5
   1213     17             -5
   1221     11              0
   1224      6             20
   1224     16            -20
   1225      9              0
   1225     13              0
   1232      0              0
   1233      1              0
   1233     21              0
   1236      2             20
   1236     20            -20
   1237      7            -10
   1237     15             10
   1241      3             10
   1241     19            -10
   1244     10            -20
   1244     12             20
   1248      4            -20
   1248     18             20
   1252      8            -15
   1252     14             15
   1257      5              0
   1257     17              0
   1265     11              0
   1268      6              5
   1268     16             -5
   1269      9             10
   1269     13            -10
   1276      0              0
   1277      1            -25
   1277     21             25
   1280      2            N/A
   1280     20            N/A
   1281      7            -10
   1281     15             10
   1285      3            -20
   1285     19             20
   1288     10            -10
   1288     12             10
   1292      4             10
   1292     18            -10
   1296      8              4
   1296     14             -4
   1301      5            -35
   1301     17             35
   1309     11              0
   1312      6             20
   1312     16            -20
   1313      9              0
   1313     13              0
   1320      0              0
   1321      1             -5
   1321     21              5
   1324      2             15
   1324     20            -15
   1325      7            -20
   1325     15             20
   1329      3              5
   1329     19             -5
   1332     10             10
   1332     12            -10
   1336      4            -10
   1336     18             10
   1340      8             25
   1340     14            -25
   1345      5              0
   1345     17              0
   1353     11              0
   1356      6             -5
   1356     16              5
   1357      9             15
   1357     13            -15
   1364      0              0
   1365      1            -20
   1365     21             20
   1368      2              0
   1368     20              0
   1369      7             -2
   1369     15              2
   1373      3             -5
   1373     19              5
   1376     10              0
   1376     12              0
   1380      4            -15
   1380     18             15
   1384      8             20
   1384     14            -20
   1389      5              5
   1389     17             -5
   1397     11              0
   1400      6              0
   1400     16              0
   1401      9             15
   1401     13            -15
   1408      0              0
   1409      1             -5
   1409     21              5
   1412      2            -15
   1412     20             15
   1413      7            -30
   1413     15             30
   1417      3            -10
   1417     19             10
   1420     10            -15
   1420     12             15
   1424      4            -20
   1424     18             20
   1428      8            -20
   1428     14             20
   1433      5             10
   1433     17            -10
   1441     11              0
   1444      6             -3
   1444     16              3
   1445      9            N/A
   1445     13            N/A
   1452      0              0
   1453      1            -15
   1453     21             15
   1456      2              0
   1456     20              0
   1457      7              0
   1457     15              0
   1461      3            -25
   1461     19             25
   1464     10             20
   1464     12            -20
   1468      4              5
   1468     18             -5
   1472      8             10
   1472     14            -10
   1477      5             10
   1477     17            -10
   1485     11              0
   1488      6              0
   1488     16              0
   1489      9              5
   1489     13             -5
   1496      0              0
   1497      1            -10
   1497     21             10
   1500      2              5
   1500     20             -5
   1501      7            -10
   1501     15             10
   1505      3             10
   1505     19            -10
   1508     10            -30
   1508     12             30
   1512      4            -10
   1512     18             10
   1516      8             -5
   1516     14              5
   1521      5              6
   1521     17             -6
   1529     11              0
   1532      6             -5
   1532     16              5
   1533      9            -30
   1533     13             30
   1540      0              0
   1541      1            -15
   1541     21             15
   1544      2             20
   1544     20            -20
   1545      7             10
   1545     15            -10
   1549      3             15
   1549     19            -15
   1552     10            -20
   1552     12             20
   1556      4             -5
   1556     18              5
   1560      8            -30
   1560     14             30
   1565      5            -15
   1565     17             15
   1573     11              0
   1576      6              0
   1576     16              0
   1577      9            -10
   1577     13             10
   1584      0              0
   1585      1             15
   1585     21            -15
   1588      2            -10
   1588     20             10
   1589      7             10
   1589     15            -10
   1593      3             -5
   1593     19              5
   1596     10             10
   1596     12            -10
   1600      4              0
   1600     18              0
   1604      8              0
   1604     14              0
   1609      5            -10
   1609     17             10
   1617     11              0
   1620      6            N/A
   1620     16            N/A
   1621      9             20
   1621     13            -20
   1628      0              0
   1629      1             30
   1629     21            -30
   1632      2            -20
   1632     20             20
   1633      7             -5
   1633     15              5
   1637      3              5
   1637     19             -5
   1640     10             10
   1640     12            -10
   1644      4            -25
   1644     18             25
   1648      8            -20
   1648     14             20
   1653      5             10
   1653     17            -10
   1661     11              0
   1664      6            -20
   1664     16             20
   1665      9              0
   1665     13              0
   1672      0              0
   1673      1             10
   1673     21            -10
   1676      2              0
   1676     20              0
   1677      7             10
   1677     15            -10
   1681      3              9
   1681     19             -9
   1684     10              0
   1684     12              0
   1688      4             20
   1688     18            -20
   1692      8              0
   1692     14              0
   1697      5              0
   1697     17              0
   1705     11              0
   1708      6             10
   1708     16            -10
   1709      9            -35
   1709     13             35
   1716      0              0
   1717      1             10
   1717     21            -10
   1720      2            -20
   1720     20             20
   1721      7             -5
   1721     15              5
   1725      3              0
   1725     19              0
   1728     10            -10
   1728     12             10
   1732      4             15
   1732     18            -15
   1736      8            -10
   1736     14             10
   1741      5            -35
   1741     17             35
   1749     11              0
   1752      6            -10
   1752     16             10
   1753      9              0
   1753     13              0
   1760      0              0
   1761      1             10
   1761     21            -10
   1764      2             18
   1764     20            -18
   1765      7            -15
   1765     15             15
   1769      3            -10
   1769     19             10
   1772     10            -15
   1772     12             15
   1776      4             30
   1776     18            -30
   1780      8              5
   1780     14             -5
   1785      5             20
   1785     17            -20
   1793     11              0
   1796      6            -15
   1796     16             15
   1797      9            -30
   1797     13             30
   1804      0              0
   1805      1            N/A
   1805     21            N/A
   1808      2             20
   1808     20            -20
   1809      7              5
   1809     15             -5
   1813      3             15
   1813     19            -15
   1816     10             30
   1816     12            -30
   1820      4             20
   1820     18            -20
   1824      8            -20
   1824     14             20
   1829      5            -35
   1829     17             35
   1837     11              0
   1840      6            -10
   1840     16             10
   1841      9              0
   1841     13              0
   1848      0              0
   1849      1              7
   1849     21             -7
   1852      2            -15
   1852     20             15
   1853      7            -10
   1853     15             10
   1857      3            -15
   1857     19             15
   1860     10             45
   1860     12            -45
   1864      4              0
   1864     18              0
   1868      8             -5
   1868     14              5
   1873      5             10
   1873     17            -10
   1881     11              0
   1884      6             -5
   1884     16              5
   1885      9             10
   1885     13            -10
   1892      0              0
   1893      1              5
   1893     21             -5
   1896      2             20
   1896     20            -20
   1897      7              0
   1897     15              0
   1901      3             -5
   1901     19              5
   1904     10              0
   1904     12              0
   1908      4              0
   1908     18              0
   1912      8              0
   1912     14              0
   1917      5             -5
   1917     17              5
   1925     11              0
   1928      6              0
   1928     16              0
   1929      9             -5
   1929     13              5
   1936      0              0
   1937      1              0
   1937     21              0
   1940      2            -25
   1940     20             25
   1941      7             15
   1941     15            -15
   1945      3              5
   1945     19             -5
   1948     10             -5
   1948     12              5
   1952      4              0
   1952     18              0
   1956      8             30
   1956     14            -30
   1961      5            -10
   1961     17             10
   1969     11              0
   1972      6             10
   1972     16            -10
   1973      9            -15
   1973     13             15
   1980      0              0
   1981      1            -20
   1981     21             20
   1984      2             10
   1984     20            -10
   1985      7              0
   1985     15              0
   1989      3              0
   1989     19              0
   1992     10            -20
   1992     12             20
   1996      4              0
   1996     18              0
